0.10076813911999999

0.09126966043359999

0.125580424449808

0.31754650842839827

0.39729178939705106

0.45618890062043704

0.5791016402888316

0.6710157355030808

0.7698765570466328

0.7786586630647154

0.7666311101742992

0.8451484885323786

0.9415976296121606

0.9359949755244452

1.052837277957956

1.0527516402177166

1.11345615297539

1.1666289003369565

1.163439829388587

1.176996733395951

1.137552722049854

1.1955724623464226

1.162777582383604

1.13683501711331

1.0663320936600542

1.0746832831798288

1.0380220206753092

1.040006596297914

1.0302757843078945

1.015231390133184

0.9140339858505876

0.8424989251308114

0.80937262476933

0.7612320918577449

0.6391376008146048

0.5506772493217406

0.5042294742605224

0.46267790495807687

0.31442065001778075

0.3140084938494238

0.23989809069019463

0.14378437816580317

0.11976905880787568

-0.05112739388182588

-0.059950659287367716

-0.16577194969230485

-0.24431910841692156

-0.25917864232096843

-0.3419090263501132

-0.38311448031556

-0.5111865910772468

-0.5257753731809408

-0.6506978880458987

-0.6256706860043263

-0.7533257085722929

-0.7472963283433152

-0.7817760273219571

-0.8277223891606373

-0.8171460086951379

-0.8310666690584231

-0.8660625052509643

-0.8824128768830111

-0.9081219154779958

-0.8699228457333377

-0.789766178858669

-0.7811560754950946

-0.8184991492924001

-0.816701719224972

-0.7995692908692352

-0.7369361326006947

-0.5908473506683682

-0.5632462516142351

-0.5497833913155445

-0.4523096141172386

-0.35791687454213644

-0.3218743950673323

-0.21736597476568612

-0.07407375808581365

-0.06508234220548123

0.03361246298109494

0.1534233293799803

0.19489733428138956

0.25558650855913645

0.3485429893863423

0.48297276896476143

0.5377416720513235

0.5692626671172014

0.6765177132821167

0.6571409596995219

0.7351448755007466

0.7520947503453956

0.8195074776330596

0.8423471409655217

0.9589380063517265

0.9521085362964151

1.0211881782971

1.108462406247463

1.0670229907011555

1.1142593514916124

1.1002016418605547

1.1087685321460938

1.1829468498374296

1.1663987909938376

1.083427595266734

1.140934167371369

1.1470058941568255

1.1162382220431175

1.0952610386728523

1.0288504044866118

1.0093112794379042

0.9891548615820892

0.8470343051685072

0.7557780066993088

0.7592682202606337

0.6446291350481358

0.523531352705512

0.43141113335392134

0.4081051040675783

0.38122763844581653

0.33131080366628274

0.23968810283312986

0.13854809650155883

0.09418502515582619

-0.03923531452741211

-0.08473329767952842

-0.20263727411015003

-0.3288635346983795

-0.31187194632014115

-0.3297865996496748

-0.37445041875432766

-0.4142224712297936

-0.5911965681617906

-0.590998953765749

-0.682934868505847

-0.7868655621880989

-0.7355258998196924

-0.826197393274437

-0.8766657651954517

-0.8141420378135893

-0.8121946521212023

-0.8575735393442372

-0.8661446330824457

-0.9148699419436962

-0.9089625805901589

-0.7976460399027843

-0.7371193012984756

-0.6547813857781921

-0.6504957872324418

-0.6461005102131943

-0.564170942482993

-0.5791428444259863

-0.5681761269557728

-0.49049397895655955

-0.3602256967169766

-0.3021353587699976

-0.23217353660809872

-0.16419118673229233

-0.029709712738114943

0.037342494508799076

0.04581775046966351

0.12437442350892164

0.14396325246972846

0.2122437120289561

0.3014404168253467

0.37789403568743374

0.4283526530343399

0.5588313002282002

0.673995936390946

0.7147452647372013

0.8438326138407166

0.8790022575455798

0.8532555092391573

0.9465143134867533

0.9360142932979792

1.026202310217929

1.0604439081955024

1.0690379690236163

1.0450719687125165

1.1201380296576338

1.2036527814885458

1.1085639421289293

1.0846152152083326

1.0860193105004163

1.0589628367152208

1.124509248349067

1.0360250845250056

1.088503426368253

0.9639458695351741

0.9101098433636423

0.8528225992827304

0.8550060250398471

0.750670186871119

0.6506316071916931

0.6758074640115974

0.5712472610161466

0.5813535572685578

0.5483493407523357

0.4621933786087379

0.4107621182126311

0.34830390036269443

